297.0
296.935
296.87
296.805
296.74
296.675
296.61
296.545
296.48
296.415
296.35
296.285
296.22
296.155
296.09
296.025
295.96
295.895
295.83
295.765
295.7
295.635
295.57
295.505
295.44
295.375
295.31
295.245
295.18
295.115
295.05
294.985
294.92
294.855
294.79
294.725
294.66
294.595
294.53
294.465
294.4
294.335
294.27
294.205
294.14
294.075
294.01
293.945
293.88
293.815
293.75
293.685
293.62
293.555
293.49
293.425
293.36
293.295
293.23
293.165
293.1
293.035
292.97
292.905
292.84
292.775
292.71
292.645
292.58
292.515
292.45
292.385
292.32
292.255
292.19
292.125
292.06
291.995
291.93
291.865
291.8
291.735
291.67
291.605
291.54
291.475
291.41
291.345
291.28
291.215
291.15
291.085
291.02
290.955
290.89
290.825
290.76
290.695
290.63
290.565
290.5
290.435
290.37
290.305
290.24
290.175
290.11
290.045
289.98
289.915
289.85
289.785
289.72
289.655
289.59
289.525
289.46
289.395
289.33
289.265
289.2
289.135
289.07
289.005
288.94
288.875
288.81
288.745
288.68
288.615
288.55
288.485
288.42
288.355
288.29
288.225
288.16
288.095
288.03
287.965
287.9
287.835
287.77
287.705
287.64
287.575
287.51
287.445
287.38
287.315
287.25
287.185
287.12
287.055
286.99
286.925
286.86
286.795
286.73
286.665
286.6
286.535
286.47
286.405
286.34
286.275
286.21
286.145
286.08
286.015
285.95
285.885
285.82
285.755
285.69
285.625
285.56
285.495
285.43
285.365
285.3
285.235
285.17
285.105
285.04
284.975
284.91
284.845
284.78
284.715
284.65
284.585
284.52
284.455
284.39
284.325
284.26
284.195
284.13
284.065
284.0
283.935
283.87
283.805
283.74
283.675
283.61
283.545
283.48
283.415
283.35
283.285
283.22
283.155
283.09
283.025
282.96
282.895
282.83
282.765
282.7
282.635
282.57
282.505
282.44
282.375
282.31
282.245
282.18
282.115
282.05
281.985
281.92
281.855
281.79
281.725
281.66
281.595
281.53
281.465
281.4
281.335
281.27
281.205
281.14
281.075
281.01
280.945
280.88
280.815
280.75
280.685
280.62
280.555
280.49
280.425
280.36
280.295
280.23
280.165
280.1
280.035
279.97
279.905
279.84
279.775
279.71
279.645
279.58
279.515
279.45
279.385
279.32
279.255
279.19
279.125
279.06
278.995
278.93
278.865
278.8
278.735
278.67
278.605
278.54
278.475
278.41
278.345
278.28
278.215
278.15
278.085
278.02
277.955
277.89
277.825
277.76
277.695
277.63
277.565
277.5
277.435
277.37
277.305
277.24
277.175
277.11
277.045
276.98
276.915
276.85
276.785
276.72
276.655
276.59
276.525
276.46
276.395
276.33
276.265
276.2
276.135
276.07
276.005
275.94
275.875
275.81
275.745
275.68
275.615
275.55
275.485
275.42
275.355
275.29
275.225
275.16
275.095
275.03
274.965
274.9
274.835
274.77
274.705
274.64
274.575
274.51
274.445
274.38
274.315
274.25
274.185
274.12
274.055
273.99
273.925
273.86
273.795
273.73
273.665
273.6
273.535
273.47
273.405
273.34
273.275
273.21
273.145
273.08
273.015
272.95
272.885
272.82
272.755
272.69
272.625
272.56
272.495
272.43
272.365
272.3
272.235
272.17
272.105
272.04
271.975
271.91
271.845
271.78
271.715
271.65
271.585
271.52
271.455
271.39
271.325
271.26
271.195
271.13
271.065
271.0
270.935
270.87
270.805
270.74
270.675
270.61
270.545
270.48
270.415
270.35
270.285
270.22
270.155
270.09
270.025
269.96
269.895
269.83
269.765
269.7
269.635
269.57
269.505
269.44
269.375
269.31
269.245
269.18
269.115
269.05
268.985
268.92
268.855
268.79
268.725
268.66
268.595
268.53
268.465
268.4
268.335
268.27
268.205
268.14
268.075
268.01
267.945
267.88
267.815
267.75
267.685
267.62
267.555
267.49
267.425
267.36
267.295
267.23
267.165
267.1
267.035
266.97
266.905
266.84
266.775
266.71
266.645
266.58
266.515
266.45
266.385
266.32
266.255
266.19
266.125
266.06
265.995
265.93
265.865
265.8
265.735
265.67
265.605
265.54
265.475
265.41
265.345
265.28
265.215
265.15
265.085
265.02
264.955
264.89
264.825
264.76
264.695
264.63
264.565
264.5
264.435
264.37
264.305
264.24
264.175
264.11
264.045
263.98
263.915
263.85
263.78499999999997
263.72
263.655
263.59
263.525
263.46
263.395
263.33
263.265
263.2
263.135
263.07
263.005
262.94
262.875
262.81
262.745
262.68
262.615
262.55
262.485
262.42
262.355
262.29
262.225
262.15999999999997
262.095
262.03
261.965
261.9
261.835
261.77
261.705
261.64
261.575
261.51
261.445
261.38
261.315
261.25
261.185
261.12
261.055
260.99
260.925
260.86
260.795
260.73
260.665
260.6
260.53499999999997
260.47
260.405
260.34
260.275
260.21
260.145
260.08
260.015
259.95
259.885
259.82
259.755
259.69
259.625
259.56
259.495
259.43
259.365
259.3
259.235
259.17
259.105
259.04
258.975
258.90999999999997
258.845
258.78
258.715
258.65
258.585
258.52
258.455
258.39
258.325
258.26
258.195
258.13
258.065
258.0
257.935
257.87
257.805
257.74
257.675
257.61
257.545
257.48
257.415
257.35
257.28499999999997
257.22
257.155
257.09
257.025
256.96
256.895
256.83
256.765
256.7
256.635
256.57
256.505
256.44
256.375
256.31
256.245
256.18
256.115
256.05
255.985
255.92000000000002
255.855
255.79
255.725
255.66
255.595
255.53
255.465
255.4
255.335
255.26999999999998
255.20499999999998
255.14
255.075
255.01
254.945
254.88
254.815
254.75
254.685
254.62
254.555
254.49
254.425
254.36
254.29500000000002
254.23
254.165
254.1
254.035
253.97
253.905
253.84
253.775
253.71
253.64499999999998
253.57999999999998
253.515
253.45
253.385
253.32
253.255
253.19
253.125
253.06
252.995
252.93
252.865
252.8
252.735
252.67000000000002
252.605
252.54
252.475
252.41
252.345
252.28
252.215
252.15
252.085
252.01999999999998
251.95499999999998
251.89
251.825
251.76
251.695
251.63
251.565
251.5
251.435
251.37
251.305
251.24
251.175
251.11
251.04500000000002
250.98
250.915
250.85
250.785
250.72
250.655
250.59
250.525
250.46
250.39499999999998
250.32999999999998
250.265
250.2
250.135
250.07
250.005
249.94
249.875
249.81
249.745
249.68
249.615
249.55
249.485
249.42000000000002
249.355
249.29
249.225
249.16
249.095
249.03
248.965
248.9
248.835
248.76999999999998
248.70499999999998
248.64
248.575
248.51
248.445
248.38
248.315
248.25
248.185
248.12
248.055
247.99
247.925
247.86
247.79500000000002
247.73
247.665
247.6
247.535
247.47
247.405
247.34
247.275
247.21
247.14499999999998
247.07999999999998
247.015
246.95
246.885
246.82
246.755
246.69
246.625
246.56
246.495
246.43
246.365
246.3
246.235
246.17000000000002
246.105
246.04
245.975
245.91
245.845
245.78
245.715
245.65
245.585
245.51999999999998
245.45499999999998
245.39
245.325
245.26
245.195
245.13
245.065
245.0
244.935
244.87
244.805
244.74
244.675
244.61
244.54500000000002
244.48
244.415
244.35
244.285
244.22
244.155
244.09
244.025
243.96
243.89499999999998
243.82999999999998
243.765
243.7
243.635
243.57
243.505
243.44
243.375
243.31
243.245
243.18
243.115
243.05
242.985
242.92000000000002
242.855
242.79
242.725
242.66
242.595
242.53
242.465
242.4
242.335
242.26999999999998
242.20499999999998
242.14
242.075
242.01
241.945
241.88
241.815
241.75
241.685
241.62
241.555
241.49
241.425
241.36
241.295
241.23
241.165
241.1
241.035
240.97
240.905
240.84
240.775
240.71
240.64499999999998
240.57999999999998
240.515
240.45
240.385
240.32
240.255
240.19
240.125
240.06
239.995
239.93
239.865
239.8
239.735
239.67
239.605
239.54
239.475
239.41
239.345
239.28
239.215
239.15
239.085
239.01999999999998
238.95499999999998
238.89
238.825
238.76
238.695
238.63
238.565
238.5
238.435
238.37
238.305
238.24
238.175
238.11
238.045
237.98
237.915
237.85
237.785
237.72
237.655
237.59
237.525
237.46
237.39499999999998
237.32999999999998
237.265
237.2
237.135
237.07
237.005
236.94
236.875
236.81
236.745
236.68
236.615
236.55
236.485
236.42
236.355
236.29
236.225
236.16
236.095
236.03
235.965
235.9
235.835
235.76999999999998
235.70499999999998
235.64
235.575
235.51
235.445
235.38
235.315
235.25
235.185
235.12
235.055
234.99
234.925
234.86
234.795
234.73
234.665
234.6
234.535
234.47
234.405
234.34
234.275
234.21
234.14499999999998
234.07999999999998
234.015
233.95
233.885
233.82
233.755
233.69
233.625
233.56
233.495
233.43
233.365
233.3
233.235
233.17
233.105
233.04
232.975
232.91
232.845
232.78
232.715
232.64999999999998
232.58499999999998
232.51999999999998
232.45499999999998
232.39
232.325
232.26
232.195
232.13
232.065
